image_width: 1920
image_height: 1080
camera_name: brio
camera_matrix:
  rows: 3
  cols: 3
  data: [831.155893, 0.451186,   952.266823,
         0.000000,   838.048002, 514.579790,
         0.000000,   0.000000,   1.000000]
distortion_model: plumb_bob
distortion_coefficients:
  rows: 1
  cols: 4
  data: [-0.224069, 0.028121, 0.003691, 0.002146, 0.000000]

rectification_matrix:
  rows: 3
  cols: 3
  data: [1, 0, 0,
         0, 1, 0,
         0, 0, 1]
projection_matrix:
  rows: 3
  cols: 4
  data: [526.155893, 0.00000,    958.266823, 0.000000,
         0.000000,   746.048002, 512.579790, 0.000000,
         0.000000,   0.000000,   1.000000,   0.000000]